{
 "cells": [
  {
   "cell_type": "markdown",
   "id": "5d464d1c-858c-42ef-9fc3-d35b1945611a",
   "metadata": {},
   "source": [
    "# Fit BAO peak from input correlation function"
   ]
  },
  {
   "cell_type": "code",
   "execution_count": 1,
   "id": "8246f18d-984e-44d2-9e04-16edc9683853",
   "metadata": {},
   "outputs": [],
   "source": [
    "import numpy as np\n",
    "\n",
    "from matplotlib import pyplot as plt\n",
    "plt.rcParams[\"figure.figsize\"] = (8, 6)\n",
    "plt.rcParams.update({'font.size': 14})\n",
    "\n",
    "from pycorr import TwoPointCorrelationFunction, TwoPointEstimator, NaturalTwoPointEstimator, project_to_multipoles, project_to_wp, utils, setup_logging\n",
    "from cosmoprimo import *\n",
    "\n",
    "from densitysplit import catalog_data, density_split\n",
    "from bin.density_split_mocks_functions import split_density, compute_densitySplit_CCF\n",
    "from densitysplit.pk_model import *\n",
    "from densitysplit.utils import *\n",
    "from densitysplit.corr_func import *\n",
    "\n",
    "# To activate logging\n",
    "setup_logging()"
   ]
  },
  {
   "cell_type": "markdown",
   "id": "4d9fb998-8399-49da-ad49-c309e3c54df1",
   "metadata": {
    "tags": []
   },
   "source": [
    "## Data and output directories"
   ]
  },
  {
   "cell_type": "code",
   "execution_count": 2,
   "id": "2c040497-6f71-42de-9142-b88c6e672c14",
   "metadata": {},
   "outputs": [],
   "source": [
    "data_dir = '/feynman/work/dphp/mp270220/data/'\n",
    "output_dir = '/feynman/work/dphp/mp270220/outputs/'"
   ]
  },
  {
   "cell_type": "markdown",
   "id": "421ba221-8fde-4871-ab76-a5fd446086a1",
   "metadata": {},
   "source": [
    "## Get data"
   ]
  },
  {
   "cell_type": "code",
   "execution_count": 3,
   "id": "743e720f-1851-4b56-8953-edf0a9ffe1de",
   "metadata": {},
   "outputs": [],
   "source": [
    "#catalog_name = 'AbacusSummit_1Gpc_z1.175'\n",
    "#bias = 1.8\n",
    "\n",
    "catalog_name = 'AbacusSummit_2Gpc_z1.175'\n",
    "#bias = 3.\n",
    "\n",
    "#catalog_name = 'AbacusSummit_2Gpc_z0.800'\n",
    "#catalog_name = 'mock'\n",
    "\n",
    "catalog = catalog_data.Data.load(data_dir+catalog_name+'.npy')\n",
    "catalog.shift_boxcenter(-catalog.offset)"
   ]
  },
  {
   "cell_type": "code",
   "execution_count": 4,
   "id": "3cb6d0ad-e6d4-48c4-9aeb-0132ee7569ec",
   "metadata": {},
   "outputs": [],
   "source": [
    "z = catalog.redshift\n",
    "\n",
    "# Abacus summit base cosmology\n",
    "cosmo_abacus = fiducial.AbacusSummitBase()\n",
    "bg = cosmo_abacus.get_background()\n",
    "f = bg.Omega_m(z)**0.55"
   ]
  },
  {
   "cell_type": "markdown",
   "id": "0354faa2-4133-4c33-8c67-3f4f9d2c937e",
   "metadata": {},
   "source": [
    "## Load correlation function poles"
   ]
  },
  {
   "cell_type": "code",
   "execution_count": 5,
   "id": "80c8e6a3-7d87-4435-8d57-d1f34c44f610",
   "metadata": {},
   "outputs": [],
   "source": [
    "ells = [0, 2]\n",
    "nells = len(ells)"
   ]
  },
  {
   "cell_type": "markdown",
   "id": "7c52d6eb-e3ea-4d6a-b4d7-ca52e8aa86e9",
   "metadata": {},
   "source": [
    "### Density split"
   ]
  },
  {
   "cell_type": "code",
   "execution_count": 6,
   "id": "482210d8-51da-445e-bbda-be081292ce0d",
   "metadata": {},
   "outputs": [],
   "source": [
    "nsplits = 3\n",
    "nmocks = 1000\n",
    "abacus_split_results = np.load(output_dir+catalog.name+'_densitySplit_rh_CCFs_cellsize10_randomsize4_RSD.npy', allow_pickle=True)\n",
    "mocks_split_results = np.load(output_dir+'AbacusSummit_1Gpc_z1.175'+'_1000_mocks_densitySplit_rh_CCF_cellsize10_randomsize4_RSD_all.npy', allow_pickle=True)"
   ]
  },
  {
   "cell_type": "code",
   "execution_count": 7,
   "id": "c26426e3-e44e-41f1-a7e5-301793cb2120",
   "metadata": {},
   "outputs": [],
   "source": [
    "_, split_cov = get_split_poles(mocks_split_results, ells, nsplits)\n",
    "split_xiell = [abacus_split_results[split].get_corr(ells=ells, return_sep=False) for split in range(nsplits)]\n",
    "split_cov /= 8"
   ]
  },
  {
   "cell_type": "code",
   "execution_count": 8,
   "id": "d332ca06-3b83-4f14-a37f-95fb1caca861",
   "metadata": {},
   "outputs": [],
   "source": [
    "s, _ = abacus_split_results[0].get_corr(ells=ells, return_sep=True)"
   ]
  },
  {
   "cell_type": "code",
   "execution_count": 9,
   "id": "0a8b00c1-3763-4278-a4d2-4de16ba48456",
   "metadata": {},
   "outputs": [],
   "source": [
    "# Remove small scales (linear model not valid at small scales)\n",
    "s_lower_limit = 50 # Mpc/h\n",
    "\n",
    "ns = len(s[s > s_lower_limit])\n",
    "# Hartlap correction\n",
    "hartlap = (nmocks-1)/(nmocks-ns*nsplits*nells-2)\n",
    "split_cov *= hartlap"
   ]
  },
  {
   "cell_type": "markdown",
   "id": "97dd224d-80ab-499e-b3e3-557a41ecb471",
   "metadata": {
    "tags": []
   },
   "source": [
    "## Set power spectrum model"
   ]
  },
  {
   "cell_type": "code",
   "execution_count": 10,
   "id": "f2e36e21-1f8c-4a61-b2e3-a78bb076122a",
   "metadata": {},
   "outputs": [],
   "source": [
    "pk_model = PkModel(sep=s, ells=ells, xiell=split_xiell, cov=split_cov, redshift=z, cosmology=cosmo_abacus, k=np.logspace(-3,2,1000), split=True, nsplits=nsplits)\n",
    "pk_model.set_pk_model()\n",
    "default_params = {'f': f, 'b1': 2., 'b2': 2., 'b3': 2., 'alpha_par': 1., 'alpha_perp': 1., 'sigma_par': 5., 'sigma_perp': 5., 'sigma_s': 4.}\n",
    "pk_model.set_default_params(**default_params)\n",
    "#pk_model.plot_model()"
   ]
  },
  {
   "cell_type": "markdown",
   "id": "c43a37ec-ea1e-4778-b5c7-2444c4361c80",
   "metadata": {},
   "source": [
    "## Fit model to data"
   ]
  },
  {
   "cell_type": "code",
   "execution_count": 15,
   "id": "f635cf0d-1731-4590-86e6-f47a4e10bc54",
   "metadata": {},
   "outputs": [
    {
     "name": "stdout",
     "output_type": "stream",
     "text": [
      "Optimal parameters:\n",
      "{'b1': 1.444574171179357, 'b2': 2.3374627384971665, 'b3': 3.180968097075305, 'alpha_par': 0.973804682447673, 'alpha_perp': 1.047946471254296, 'sigma_par': 5.792524083400216, 'sigma_perp': 13.63714409672481, 'broadband_coeffs1': array([-1.94615429e+01,  3.05057320e-01, -1.13486071e-03, -1.65283080e+01,\n",
      "        5.26261641e-01, -2.85859513e-03]), 'broadband_coeffs2': array([ 2.33651886e+01, -4.36102124e-01,  1.95864076e-03,  5.84218055e-01,\n",
      "       -6.98337349e-01,  4.23743095e-03]), 'broadband_coeffs3': array([ 8.62401291e+01, -1.32242466e+00,  4.82227961e-03, -6.62407811e+01,\n",
      "       -1.20473541e+00,  8.14901045e-03])}\n",
      "\n",
      "Covariance matrix:\n",
      "[[ 1.50406187e-02  1.85645653e-02  2.94444162e-02  7.14770920e-05\n",
      "   1.60488868e-04  3.18453541e-02  8.30679892e-02  7.64190976e-01\n",
      "  -1.05069160e-02  3.27955588e-05 -1.84961335e-01 -2.85564914e-03\n",
      "   1.71336826e-05 -1.37315365e+00  1.85508015e-02 -5.63137976e-05\n",
      "   5.51925161e-02  6.60630604e-03 -3.43420943e-05 -2.95869408e+00\n",
      "   4.07161603e-02 -1.27542997e-04 -5.20851329e-02  1.29524722e-02\n",
      "  -6.60575513e-05]\n",
      " [ 1.85645653e-02  2.52960229e-02  3.33835716e-02  8.43584850e-05\n",
      "   2.55466381e-04  3.68456503e-02  1.12885187e-01  9.46864305e-01\n",
      "  -1.31328253e-02  4.14005929e-05 -2.04033315e-01 -4.12852333e-03\n",
      "   2.46941058e-05 -1.84795180e+00  2.49117350e-02 -7.51869718e-05\n",
      "   5.45533266e-02  9.59517164e-03 -5.07706064e-05 -3.40277771e+00\n",
      "   4.75532111e-02 -1.51967345e-04 -1.35181623e-01  1.67587236e-02\n",
      "  -8.71865253e-05]\n",
      " [ 2.94444162e-02  3.33835716e-02  6.45247481e-02  1.16816283e-04\n",
      "   3.49063097e-04  5.82494950e-02  1.70405012e-01  1.49401528e+00\n",
      "  -2.04674271e-02  6.36697105e-05 -3.72867342e-01 -5.03425167e-03\n",
      "   2.93455907e-05 -2.48847468e+00  3.37305270e-02 -1.03098680e-04\n",
      "   8.90252306e-02  1.14473110e-02 -5.67619200e-05 -6.35710559e+00\n",
      "   8.61159450e-02 -2.63721995e-04 -5.13581656e-02  2.58199514e-02\n",
      "  -1.26995473e-04]\n",
      " [ 7.14770919e-05  8.43584850e-05  1.16816283e-04  1.09038304e-04\n",
      "  -3.61857394e-05  2.83639240e-03 -5.00237465e-04  1.08788387e-03\n",
      "  -4.22003642e-05  1.91226400e-07 -1.31487196e-02  1.52167871e-04\n",
      "  -2.03699763e-07 -1.39177270e-03  6.68509447e-05 -3.10346013e-07\n",
      "   2.83823418e-02 -3.18272451e-04  5.03078479e-07 -5.40855170e-03\n",
      "   1.65136819e-04 -7.18727046e-07  4.49750761e-02 -4.64812719e-04\n",
      "   3.03730327e-07]\n",
      " [ 1.60488868e-04  2.55466381e-04  3.49063097e-04 -3.61857394e-05\n",
      "   8.52579086e-05 -1.40220554e-03  2.67244196e-03  5.67020237e-03\n",
      "  -9.55384154e-05  3.53145733e-07  8.49164750e-03 -9.65435544e-05\n",
      "   1.90936037e-07 -1.04743803e-02  1.58562898e-04 -4.52694078e-07\n",
      "  -1.76790013e-02  1.69790471e-04 -1.97651228e-07 -2.14418279e-02\n",
      "   3.61886114e-04 -1.37485063e-06 -3.56395454e-02  4.24773045e-04\n",
      "  -1.02562722e-06]\n",
      " [ 3.18453541e-02  3.68456503e-02  5.82494950e-02  2.83639240e-03\n",
      "  -1.40220554e-03  1.15039059e+00 -1.16936109e-01  1.68284554e+00\n",
      "  -2.39018143e-02  8.07114429e-05 -6.48280513e-01 -5.68900737e-03\n",
      "   5.43620580e-05 -2.97565414e+00  4.25103262e-02 -1.45559355e-04\n",
      "   6.40699154e-01  1.45003593e-02 -1.22150183e-04 -6.06166910e+00\n",
      "   8.60243427e-02 -2.89236430e-04  7.85118021e-01  2.36869369e-02\n",
      "  -1.78129122e-04]\n",
      " [ 8.30679892e-02  1.12885187e-01  1.70405012e-01 -5.00237465e-04\n",
      "   2.67244196e-03 -1.16936109e-01  1.01783490e+00  4.22172359e+00\n",
      "  -5.98309699e-02  1.93072898e-04 -4.25314822e-01 -2.73171307e-02\n",
      "   1.50553533e-04 -8.18927018e+00  1.13195926e-01 -3.51908128e-04\n",
      "  -5.07569296e-01  5.40111704e-02 -2.69762558e-04 -1.67235796e+01\n",
      "   2.32040841e-01 -7.27115299e-04 -2.01855488e+00  1.09016295e-01\n",
      "  -5.40005818e-04]\n",
      " [ 7.64190976e-01  9.46864305e-01  1.49401528e+00  1.08788387e-03\n",
      "   5.67020237e-03  1.68284554e+00  4.22172359e+00  4.55203358e+01\n",
      "  -7.18827368e-01  2.63179987e-03 -5.60037795e+00 -2.73768442e-01\n",
      "   1.69429173e-03 -8.18024833e+01  1.26907360e+00 -4.56115006e-03\n",
      "  -4.37632612e+00  5.69283986e-01 -3.23031504e-03 -1.73797703e+02\n",
      "   2.71820947e+00 -9.85928513e-03 -1.65344189e+01  1.12695022e+00\n",
      "  -6.32271531e-03]\n",
      " [-1.05069160e-02 -1.31328253e-02 -2.04674271e-02 -4.22003642e-05\n",
      "  -9.55384154e-05 -2.39018143e-02 -5.98309699e-02 -7.18827368e-01\n",
      "   1.31244367e-02 -5.48195654e-05  3.82452730e-02  5.13824410e-03\n",
      "  -3.48942538e-05  1.29240597e+00 -2.31198539e-02  9.50314466e-05\n",
      "   1.20555342e-01 -1.00584344e-02  6.36472087e-05  2.71125120e+00\n",
      "  -4.88743553e-02  2.02096906e-04  3.91928728e-01 -2.11914987e-02\n",
      "   1.32772822e-04]\n",
      " [ 3.27955588e-05  4.14005929e-05  6.36697105e-05  1.91226400e-07\n",
      "   3.53145733e-07  8.07114429e-05  1.93072898e-04  2.63179987e-03\n",
      "  -5.48195654e-05  2.59947409e-07  2.95180402e-05 -2.13358400e-05\n",
      "   1.55890742e-07 -4.72682066e-03  9.63117656e-05 -4.50281929e-07\n",
      "  -6.26511691e-04  4.02933121e-05 -2.78142159e-07 -9.80359190e-03\n",
      "   2.01426372e-04 -9.46855995e-07 -1.85228632e-03  8.81172933e-05\n",
      "  -5.99651123e-07]\n",
      " [-1.84961335e-01 -2.04033315e-01 -3.72867342e-01 -1.31487196e-02\n",
      "   8.49164750e-03 -6.48280513e-01 -4.25314821e-01 -5.60037795e+00\n",
      "   3.82452730e-02  2.95180403e-05  3.28963351e+01 -7.86299342e-01\n",
      "   4.12127360e-03  8.78680594e+00 -4.78685827e-02 -1.35824876e-04\n",
      "  -5.48405329e+01  1.36375620e+00 -7.21279353e-03  2.43720378e+01\n",
      "  -1.97598493e-01  8.61464193e-05 -1.04268502e+02  2.68335776e+00\n",
      "  -1.40730230e-02]\n",
      " [-2.85564914e-03 -4.12852333e-03 -5.03425167e-03  1.52167871e-04\n",
      "  -9.65435544e-05 -5.68900737e-03 -2.73171307e-02 -2.73768442e-01\n",
      "   5.13824410e-03 -2.13358400e-05 -7.86299342e-01  2.44926355e-02\n",
      "  -1.35500888e-04  5.31123561e-01 -9.71116716e-03  3.98182707e-05\n",
      "   1.45365002e+00 -4.36657842e-02  2.41017536e-04  9.73262789e-01\n",
      "  -1.83122068e-02  7.62505646e-05  2.81354132e+00 -8.53941676e-02\n",
      "   4.68791281e-04]\n",
      " [ 1.71336826e-05  2.46941058e-05  2.93455908e-05 -2.03699763e-07\n",
      "   1.90936037e-07  5.43620580e-05  1.50553533e-04  1.69429173e-03\n",
      "  -3.48942538e-05  1.55890742e-07  4.12127360e-03 -1.35500888e-04\n",
      "   8.20779105e-07 -3.28346695e-03  6.53367217e-05 -2.87377030e-07\n",
      "  -7.62882940e-03  2.41399951e-04 -1.45492795e-06 -5.94816580e-03\n",
      "   1.23735069e-04 -5.56178003e-07 -1.48923524e-02  4.74725339e-04\n",
      "  -2.86586773e-06]\n",
      " [-1.37315365e+00 -1.84795180e+00 -2.48847468e+00 -1.39177270e-03\n",
      "  -1.04743803e-02 -2.97565414e+00 -8.18927018e+00 -8.18024833e+01\n",
      "   1.29240597e+00 -4.72682066e-03  8.78680594e+00  5.31123561e-01\n",
      "  -3.28346695e-03  1.60451791e+02 -2.49332028e+00  8.97748035e-03\n",
      "   9.81964041e+00 -1.16252012e+00  6.62935891e-03  2.87423408e+02\n",
      "  -4.48449571e+00  1.61810371e-02  3.08407440e+01 -1.98279394e+00\n",
      "   1.12246835e-02]\n",
      " [ 1.85508015e-02  2.49117350e-02  3.37305270e-02  6.68509447e-05\n",
      "   1.58562898e-04  4.25103262e-02  1.13195926e-01  1.26907360e+00\n",
      "  -2.31198539e-02  9.63117656e-05 -4.78685827e-02 -9.71116715e-03\n",
      "   6.53367217e-05 -2.49332028e+00  4.46700313e-02 -1.84077139e-04\n",
      "  -2.57752621e-01  2.01736201e-02 -1.26743272e-04 -4.38808580e+00\n",
      "   7.85385134e-02 -3.21856598e-04 -6.96488086e-01  3.65973070e-02\n",
      "  -2.29620930e-04]\n",
      " [-5.63137976e-05 -7.51869718e-05 -1.03098680e-04 -3.10346013e-07\n",
      "  -4.52694078e-07 -1.45559355e-04 -3.51908128e-04 -4.56115006e-03\n",
      "   9.50314466e-05 -4.50281929e-07 -1.35824875e-04  3.98182707e-05\n",
      "  -2.87377030e-07  8.97748035e-03 -1.84077139e-04  8.64518580e-07\n",
      "   1.32460344e-03 -8.03525396e-05  5.47598659e-07  1.54833940e-02\n",
      "  -3.16119504e-04  1.47627608e-06  3.19814422e-03 -1.50136926e-04\n",
      "   1.02142369e-06]\n",
      " [ 5.51925161e-02  5.45533266e-02  8.90252305e-02  2.83823418e-02\n",
      "  -1.76790013e-02  6.40699154e-01 -5.07569296e-01 -4.37632612e+00\n",
      "   1.20555342e-01 -6.26511691e-04 -5.48405329e+01  1.45365002e+00\n",
      "  -7.62882940e-03  9.81964041e+00 -2.57752621e-01  1.32460344e-03\n",
      "   1.17623297e+02 -3.06630648e+00  1.61410452e-02  1.31739436e+01\n",
      "  -3.76939732e-01  1.99074663e-03  1.48557533e+02 -4.08855990e+00\n",
      "   2.11928733e-02]\n",
      " [ 6.60630604e-03  9.59517164e-03  1.14473110e-02 -3.18272451e-04\n",
      "   1.69790471e-04  1.45003593e-02  5.40111704e-02  5.69283986e-01\n",
      "  -1.00584344e-02  4.02933121e-05  1.36375620e+00 -4.36657842e-02\n",
      "   2.41399951e-04 -1.16252012e+00  2.01736201e-02 -8.03525396e-05\n",
      "  -3.06630648e+00  9.14541407e-02 -5.03029343e-04 -1.92796606e+00\n",
      "   3.39700990e-02 -1.35541416e-04 -4.03170438e+00  1.27612494e-01\n",
      "  -6.98018409e-04]\n",
      " [-3.43420943e-05 -5.07706064e-05 -5.67619200e-05  5.03078479e-07\n",
      "  -1.97651228e-07 -1.22150183e-04 -2.69762558e-04 -3.23031504e-03\n",
      "   6.36472087e-05 -2.78142159e-07 -7.21279353e-03  2.41017536e-04\n",
      "  -1.45492795e-06  6.62935891e-03 -1.26743272e-04  5.47598659e-07\n",
      "   1.61410452e-02 -5.03029343e-04  2.99795075e-06  1.06830766e-02\n",
      "  -2.12107807e-04  9.28059712e-07  2.13937330e-02 -7.09096770e-04\n",
      "   4.29193030e-06]\n",
      " [-2.95869408e+00 -3.40277771e+00 -6.35710559e+00 -5.40855170e-03\n",
      "  -2.14418279e-02 -6.06166910e+00 -1.67235796e+01 -1.73797703e+02\n",
      "   2.71125120e+00 -9.80359190e-03  2.43720378e+01  9.73262789e-01\n",
      "  -5.94816580e-03  2.87423408e+02 -4.38808580e+00  1.54833940e-02\n",
      "   1.31739436e+01 -1.92796606e+00  1.06830766e-02  7.35577462e+02\n",
      "  -1.14041831e+01  4.10459715e-02  6.02220818e+01 -4.48121387e+00\n",
      "   2.47009017e-02]\n",
      " [ 4.07161603e-02  4.75532111e-02  8.61159450e-02  1.65136819e-04\n",
      "   3.61886114e-04  8.60243427e-02  2.32040841e-01  2.71820947e+00\n",
      "  -4.88743553e-02  2.01426372e-04 -1.97598493e-01 -1.83122068e-02\n",
      "   1.23735069e-04 -4.48449571e+00  7.85385134e-02 -3.16119504e-04\n",
      "  -3.76939731e-01  3.39700990e-02 -2.12107807e-04 -1.14041831e+01\n",
      "   2.03814566e-01 -8.38371694e-04 -1.47054988e+00  8.35364247e-02\n",
      "  -5.17120373e-04]\n",
      " [-1.27542997e-04 -1.51967345e-04 -2.63721995e-04 -7.18727046e-07\n",
      "  -1.37485063e-06 -2.89236430e-04 -7.27115299e-04 -9.85928513e-03\n",
      "   2.02096906e-04 -9.46855995e-07  8.61464195e-05  7.62505646e-05\n",
      "  -5.56178003e-07  1.61810371e-02 -3.21856598e-04  1.47627608e-06\n",
      "   1.99074663e-03 -1.35541416e-04  9.28059712e-07  4.10459715e-02\n",
      "  -8.38371694e-04  3.92755109e-06  7.12481217e-03 -3.47553798e-04\n",
      "   2.34577957e-06]\n",
      " [-5.20851329e-02 -1.35181623e-01 -5.13581657e-02  4.49750761e-02\n",
      "  -3.56395454e-02  7.85118021e-01 -2.01855488e+00 -1.65344189e+01\n",
      "   3.91928728e-01 -1.85228632e-03 -1.04268502e+02  2.81354132e+00\n",
      "  -1.48923524e-02  3.08407440e+01 -6.96488086e-01  3.19814422e-03\n",
      "   1.48557533e+02 -4.03170438e+00  2.13937330e-02  6.02220818e+01\n",
      "  -1.47054988e+00  7.12481217e-03  4.68059102e+02 -1.24458929e+01\n",
      "   6.55659515e-02]\n",
      " [ 1.29524722e-02  1.67587236e-02  2.58199514e-02 -4.64812719e-04\n",
      "   4.24773045e-04  2.36869369e-02  1.09016295e-01  1.12695022e+00\n",
      "  -2.11914987e-02  8.81172933e-05  2.68335776e+00 -8.53941676e-02\n",
      "   4.74725339e-04 -1.98279394e+00  3.65973070e-02 -1.50136926e-04\n",
      "  -4.08855990e+00  1.27612494e-01 -7.09096770e-04 -4.48121387e+00\n",
      "   8.35364247e-02 -3.47553798e-04 -1.24458929e+01  3.70465588e-01\n",
      "  -2.04024744e-03]\n",
      " [-6.60575513e-05 -8.71865253e-05 -1.26995473e-04  3.03730327e-07\n",
      "  -1.02562722e-06 -1.78129122e-04 -5.40005818e-04 -6.32271531e-03\n",
      "   1.32772822e-04 -5.99651123e-07 -1.40730230e-02  4.68791281e-04\n",
      "  -2.86586773e-06  1.12246835e-02 -2.29620930e-04  1.02142369e-06\n",
      "   2.11928733e-02 -6.98018409e-04  4.29193030e-06  2.47009017e-02\n",
      "  -5.17120373e-04  2.34577957e-06  6.55659515e-02 -2.04024744e-03\n",
      "   1.22910793e-05]]\n",
      "\n",
      "Sigmas:\n",
      "[1.22640200e-01 1.59047235e-01 2.54017220e-01 1.04421408e-02\n",
      " 9.23352092e-03 1.07256263e+00 1.00887804e+00 6.74687600e+00\n",
      " 1.14561934e-01 5.09850379e-04 5.73553268e+00 1.56501232e-01\n",
      " 9.05968600e-04 1.26669567e+01 2.11352860e-01 9.29794913e-04\n",
      " 1.08454275e+01 3.02413857e-01 1.73145914e-03 2.71215313e+01\n",
      " 4.51458266e-01 1.98180501e-03 2.16346736e+01 6.08658844e-01\n",
      " 3.50586356e-03]\n",
      "Execution time:  48.25845170021057\n"
     ]
    }
   ],
   "source": [
    "# initialize parameters\n",
    "broadband_coeffs = np.tile([0., 0., 0.], nells)\n",
    "params_init = {'b1': 2., 'b2': 2., 'b3': 2., 'alpha_par': 1., 'alpha_perp': 1., 'sigma_par': 5., 'sigma_perp': 5., 'broadband_coeffs1': broadband_coeffs, 'broadband_coeffs2': broadband_coeffs, 'broadband_coeffs3': broadband_coeffs}\n",
    "\n",
    "import time\n",
    "t1 = time.time()\n",
    "pk_model.fit_splits(fit_params_init=params_init, s_lower_limit=s_lower_limit)\n",
    "t2 = time.time()\n",
    "print('Execution time: ', t2-t1)"
   ]
  },
  {
   "cell_type": "code",
   "execution_count": 16,
   "id": "1902324c-e5b8-4778-a583-3e2c65b74f9b",
   "metadata": {},
   "outputs": [
    {
     "name": "stdout",
     "output_type": "stream",
     "text": [
      "[000178.45]  05-26 11:38  matplotlib.mathtext          INFO     Substituting symbol \\perp from STIXGeneral\n",
      "[000178.46]  05-26 11:38  matplotlib.mathtext          INFO     Substituting symbol \\perp from STIXGeneral\n",
      "[000178.46]  05-26 11:38  matplotlib.mathtext          INFO     Substituting symbol \\perp from STIXGeneral\n",
      "[000178.46]  05-26 11:38  matplotlib.mathtext          INFO     Substituting symbol \\perp from STIXGeneral\n",
      "[000178.61]  05-26 11:38  matplotlib.mathtext          INFO     Substituting symbol \\perp from STIXGeneral\n",
      "[000178.61]  05-26 11:38  matplotlib.mathtext          INFO     Substituting symbol \\perp from STIXGeneral\n",
      "[000178.62]  05-26 11:38  matplotlib.mathtext          INFO     Substituting symbol \\perp from STIXGeneral\n",
      "[000178.62]  05-26 11:38  matplotlib.mathtext          INFO     Substituting symbol \\perp from STIXGeneral\n"
     ]
    },
    {
     "data": {
