{
 "cells": [
  {
   "cell_type": "markdown",
   "id": "5d464d1c-858c-42ef-9fc3-d35b1945611a",
   "metadata": {},
   "source": [
    "# Fit BAO peak from input correlation function"
   ]
  },
  {
   "cell_type": "code",
   "execution_count": 1,
   "id": "8246f18d-984e-44d2-9e04-16edc9683853",
   "metadata": {},
   "outputs": [],
   "source": [
    "import numpy as np\n",
    "\n",
    "from matplotlib import pyplot as plt\n",
    "plt.rcParams[\"figure.figsize\"] = (8, 6)\n",
    "plt.rcParams.update({'font.size': 14})\n",
    "\n",
    "from pycorr import TwoPointCorrelationFunction, TwoPointEstimator, NaturalTwoPointEstimator, project_to_multipoles, project_to_wp, utils, setup_logging\n",
    "from cosmoprimo import *\n",
    "\n",
    "from densitysplit import catalog_data, density_split\n",
    "from bin.density_split_mocks_functions import split_density, compute_densitySplit_CCF\n",
    "from densitysplit.pk_model import *\n",
    "from densitysplit.utils import *\n",
    "from densitysplit.corr_func import *\n",
    "\n",
    "# To activate logging\n",
    "setup_logging()"
   ]
  },
  {
   "cell_type": "markdown",
   "id": "4d9fb998-8399-49da-ad49-c309e3c54df1",
   "metadata": {
    "tags": []
   },
   "source": [
    "## Data and output directories"
   ]
  },
  {
   "cell_type": "code",
   "execution_count": 2,
   "id": "2c040497-6f71-42de-9142-b88c6e672c14",
   "metadata": {},
   "outputs": [],
   "source": [
    "data_dir = '/feynman/work/dphp/mp270220/data/'\n",
    "output_dir = '/feynman/work/dphp/mp270220/outputs/'"
   ]
  },
  {
   "cell_type": "markdown",
   "id": "421ba221-8fde-4871-ab76-a5fd446086a1",
   "metadata": {},
   "source": [
    "## Get data"
   ]
  },
  {
   "cell_type": "code",
   "execution_count": 3,
   "id": "743e720f-1851-4b56-8953-edf0a9ffe1de",
   "metadata": {},
   "outputs": [],
   "source": [
    "#catalog_name = 'AbacusSummit_1Gpc_z1.175'\n",
    "#bias = 1.8\n",
    "\n",
    "catalog_name = 'AbacusSummit_2Gpc_z1.175'\n",
    "#bias = 3.\n",
    "\n",
    "#catalog_name = 'AbacusSummit_2Gpc_z0.800'\n",
    "#catalog_name = 'mock'\n",
    "\n",
    "catalog = catalog_data.Data.load(data_dir+catalog_name+'.npy')\n",
    "catalog.shift_boxcenter(-catalog.offset)"
   ]
  },
  {
   "cell_type": "code",
   "execution_count": 4,
   "id": "3cb6d0ad-e6d4-48c4-9aeb-0132ee7569ec",
   "metadata": {},
   "outputs": [],
   "source": [
    "z = catalog.redshift\n",
    "\n",
    "# Abacus summit base cosmology\n",
    "cosmo_abacus = fiducial.AbacusSummitBase()\n",
    "bg = cosmo_abacus.get_background()\n",
    "f = bg.Omega_m(z)**0.55"
   ]
  },
  {
   "cell_type": "markdown",
   "id": "0354faa2-4133-4c33-8c67-3f4f9d2c937e",
   "metadata": {},
   "source": [
    "## Load correlation function poles"
   ]
  },
  {
   "cell_type": "code",
   "execution_count": 5,
   "id": "80c8e6a3-7d87-4435-8d57-d1f34c44f610",
   "metadata": {},
   "outputs": [],
   "source": [
    "ells = [0, 2]\n",
    "nells = len(ells)"
   ]
  },
  {
   "cell_type": "markdown",
   "id": "7c52d6eb-e3ea-4d6a-b4d7-ca52e8aa86e9",
   "metadata": {},
   "source": [
    "### Density split"
   ]
  },
  {
   "cell_type": "code",
   "execution_count": 6,
   "id": "482210d8-51da-445e-bbda-be081292ce0d",
   "metadata": {},
   "outputs": [],
   "source": [
    "nsplits = 3\n",
    "nmocks = 1000\n",
    "abacus_split_results = np.load(output_dir+catalog.name+'_densitySplit_rh_CCFs_cellsize10_randomsize4_RSD.npy', allow_pickle=True)\n",
    "mocks_split_results = np.load(output_dir+'AbacusSummit_1Gpc_z1.175'+'_1000_mocks_densitySplit_rh_CCF_cellsize10_randomsize4_RSD_all.npy', allow_pickle=True)"
   ]
  },
  {
   "cell_type": "code",
   "execution_count": 7,
   "id": "c26426e3-e44e-41f1-a7e5-301793cb2120",
   "metadata": {},
   "outputs": [],
   "source": [
    "_, split_cov = get_split_poles(mocks_split_results, ells, nsplits)\n",
    "split_xiell = [abacus_split_results[split].get_corr(ells=ells, return_sep=False) for split in range(nsplits)]\n",
    "split_cov /= 8"
   ]
  },
  {
   "cell_type": "code",
   "execution_count": 8,
   "id": "d332ca06-3b83-4f14-a37f-95fb1caca861",
   "metadata": {},
   "outputs": [],
   "source": [
    "s, _ = abacus_split_results[0].get_corr(ells=ells, return_sep=True)"
   ]
  },
  {
   "cell_type": "code",
   "execution_count": 9,
   "id": "0a8b00c1-3763-4278-a4d2-4de16ba48456",
   "metadata": {},
   "outputs": [],
   "source": [
    "# Remove small scales (linear model not valid at small scales)\n",
    "s_lower_limit = 50 # Mpc/h\n",
    "\n",
    "ns = len(s[s > s_lower_limit])\n",
    "# Hartlap correction\n",
    "hartlap = (nmocks-1)/(nmocks-ns*nsplits*nells-2)\n",
    "split_cov *= hartlap"
   ]
  },
  {
   "cell_type": "markdown",
   "id": "97dd224d-80ab-499e-b3e3-557a41ecb471",
   "metadata": {
    "tags": []
   },
   "source": [
    "## Set power spectrum model"
   ]
  },
  {
   "cell_type": "code",
   "execution_count": 10,
   "id": "f2e36e21-1f8c-4a61-b2e3-a78bb076122a",
   "metadata": {},
   "outputs": [],
   "source": [
    "pk_model = PkModel(sep=s, ells=ells, xiell=split_xiell, cov=split_cov, redshift=z, cosmology=cosmo_abacus, k=np.logspace(-3,2,1000), split=True, nsplits=nsplits)\n",
    "pk_model.set_pk_model()\n",
    "default_params = {'f': f, 'b1': 2., 'b2': 2., 'b3': 2., 'alpha_par': 1., 'alpha_perp': 1., 'sigma_par': 5., 'sigma_perp': 5., 'sigma_s': 4.}\n",
    "pk_model.set_default_params(**default_params)\n",
    "#pk_model.plot_model()"
   ]
  },
  {
   "cell_type": "markdown",
   "id": "c43a37ec-ea1e-4778-b5c7-2444c4361c80",
   "metadata": {},
   "source": [
    "## Fit model to data"
   ]
  },
  {
   "cell_type": "code",
   "execution_count": 11,
   "id": "f635cf0d-1731-4590-86e6-f47a4e10bc54",
   "metadata": {},
   "outputs": [
    {
     "name": "stdout",
     "output_type": "stream",
     "text": [
      "Optimal parameters:\n",
      "{'b1': 1.8311963907447024, 'b2': 2.9274339441247057, 'b3': 4.087921834011873, 'alpha_par': 0.9492616198876513, 'alpha_perp': 1.1181267510115696, 'sigma_par': 4.154520081036495, 'sigma_perp': 22.801982302909973, 'broadband_coeffs1': array([-1.24618039e+01,  1.82170754e-01, -7.21945471e-04,  9.20272165e+00,\n",
      "        4.98178161e-01, -3.26663203e-03]), 'broadband_coeffs2': array([ 2.15363657e+00, -1.11905860e-01,  9.94731605e-04, -4.58881650e+01,\n",
      "       -7.05448950e-01,  5.36654608e-03]), 'broadband_coeffs3': array([ 4.79935704e+01, -7.05300896e-01,  2.82622328e-03, -1.82096262e+02,\n",
      "       -1.05468973e+00,  1.00077270e-02])}\n",
      "\n",
      "Covariance matrix:\n",
      "[[ 3.96341575e-02  5.15041383e-02  7.81835444e-02  1.43407903e-04\n",
      "   1.36137960e-03  8.43990619e-02  2.74371944e-01  2.11211192e+00\n",
      "  -2.93202242e-02  9.10264001e-05  8.75685208e-02 -1.23185988e-02\n",
      "   5.75923452e-05 -3.99910988e+00  5.50164289e-02 -1.68114284e-04\n",
      "  -6.96817959e-01  2.26652930e-02 -9.35766484e-05 -8.48877103e+00\n",
      "   1.18436251e-01 -3.70011958e-04 -2.07562299e+00  4.97090933e-02\n",
      "  -2.02427918e-04]\n",
      " [ 5.15041383e-02  7.17408576e-02  9.61884994e-02  2.18435459e-04\n",
      "   2.01583449e-03  1.07833708e-01  3.85632835e-01  2.72733661e+00\n",
      "  -3.80082740e-02  1.18371635e-04  1.65675613e-01 -1.68850966e-02\n",
      "   7.94542152e-05 -5.50249260e+00  7.54828774e-02 -2.29202182e-04\n",
      "  -9.75533961e-01  3.15480804e-02 -1.30919207e-04 -1.04100850e+01\n",
      "   1.46556930e-01 -4.62548696e-04 -2.75262284e+00  6.47790551e-02\n",
      "  -2.67160081e-04]\n",
      " [ 7.81835444e-02  9.61884994e-02  1.67101828e-01  2.33456017e-04\n",
      "   2.80939786e-03  1.58763313e-01  5.65865875e-01  4.16447835e+00\n",
      "  -5.78577022e-02  1.79983726e-04  1.82647935e-01 -2.40046615e-02\n",
      "   1.10630257e-04 -7.48567486e+00  1.03628505e-01 -3.19737284e-04\n",
      "  -1.37567640e+00  4.25478481e-02 -1.72261907e-04 -1.79906148e+01\n",
      "   2.49089738e-01 -7.70109262e-04 -4.28572538e+00  1.01826201e-01\n",
      "  -4.05834950e-04]\n",
      " [ 1.43407903e-04  2.18435459e-04  2.33456017e-04  1.04819659e-04\n",
      "  -4.92303032e-05  3.79526518e-03  1.31465276e-04  5.56770904e-03\n",
      "  -1.00066939e-04  3.45134569e-07 -1.93166068e-02  1.93238969e-04\n",
      "  -3.10423672e-07 -1.25995656e-02  2.05358206e-04 -6.49663804e-07\n",
      "   3.97033719e-02 -3.91180871e-04  7.00851304e-07 -2.12236076e-02\n",
      "   3.64287227e-04 -1.22557133e-06  6.89567254e-02 -6.89468288e-04\n",
      "   9.65010448e-07]\n",
      " [ 1.36137960e-03  2.01583449e-03  2.80939786e-03 -4.92303032e-05\n",
      "   3.10433740e-04 -1.03356467e-03  1.71877067e-02  5.47018856e-02\n",
      "  -8.29168107e-04  2.77877705e-06  4.28811277e-02 -7.27168529e-04\n",
      "   2.67506223e-06 -1.13158384e-01  1.67871212e-03 -5.32796788e-06\n",
      "  -8.97163728e-02  1.19633660e-03 -3.52018683e-06 -2.23282167e-01\n",
      "   3.41262264e-03 -1.15220267e-05 -2.00533652e-01  2.82975056e-03\n",
      "  -9.24290691e-06]\n",
      " [ 8.43990619e-02  1.07833708e-01  1.58763313e-01  3.79526518e-03\n",
      "  -1.03356467e-03  2.55511385e+00 -5.74781389e-02  4.80212178e+00\n",
      "  -6.85842391e-02  2.24468011e-04 -6.77472067e-01 -1.96381113e-02\n",
      "   1.24749479e-04 -8.92778565e+00  1.25390085e-01 -4.00176746e-04\n",
      "   7.45347272e-03  4.33699051e-02 -2.57938068e-04 -1.82765125e+01\n",
      "   2.59582645e-01 -8.43427069e-04 -1.54352275e+00  8.37109309e-02\n",
      "  -4.41811524e-04]\n",
      " [ 2.74371944e-01  3.85632835e-01  5.65865875e-01  1.31465276e-04\n",
      "   1.71877067e-02 -5.74781389e-02  3.50831565e+00  1.39586230e+01\n",
      "  -1.96268624e-01  6.14613014e-04  2.12934691e+00 -1.04396001e-01\n",
      "   4.82354880e-04 -2.86330071e+01  3.99735763e-01 -1.23889948e-03\n",
      "  -6.57209132e+00  1.72359745e-01 -6.81058284e-04 -5.83887842e+01\n",
      "   8.20632884e-01 -2.56163754e-03 -1.86212166e+01  3.97065467e-01\n",
      "  -1.57992926e-03]\n",
      " [ 2.11211192e+00  2.72733661e+00  4.16447835e+00  5.56770904e-03\n",
      "   5.47018856e-02  4.80212178e+00  1.39586230e+01  1.20619407e+02\n",
      "  -1.76144937e+00  5.84641486e-03  6.41742999e+00 -7.70187750e-01\n",
      "   3.84669759e-03 -2.26726419e+02  3.27074705e+00 -1.06801880e-02\n",
      "  -4.13784956e+01  1.42564645e+00 -6.46001055e-03 -4.81765801e+02\n",
      "   7.02160935e+00 -2.32293102e-02 -1.18607399e+02  3.07198885e+00\n",
      "  -1.36465792e-02]\n",
      " [-2.93202242e-02 -3.80082739e-02 -5.78577022e-02 -1.00066939e-04\n",
      "  -8.29168107e-04 -6.85842391e-02 -1.96268624e-01 -1.76144937e+00\n",
      "   2.76107924e-02 -9.95137298e-05 -1.32820559e-01  1.20625249e-02\n",
      "  -6.48182540e-05  3.30527797e+00 -5.09429906e-02  1.80108122e-04\n",
      "   6.42753600e-01 -2.19823173e-02  1.08338286e-04  6.99537502e+00\n",
      "  -1.08779602e-01  3.88305498e-04  1.82403132e+00 -4.83402944e-02\n",
      "   2.34629491e-04]\n",
      " [ 9.10264001e-05  1.18371635e-04  1.79983726e-04  3.45134569e-07\n",
      "   2.77877705e-06  2.24468011e-04  6.14613014e-04  5.84641486e-03\n",
      "  -9.95137298e-05  3.97901111e-07  5.78557323e-04 -4.28034975e-05\n",
      "   2.48067522e-07 -1.09284912e-02  1.82102219e-04 -7.12661160e-07\n",
      "  -2.27720658e-03  7.71590919e-05 -4.14900083e-07 -2.30652196e-02\n",
      "   3.86951860e-04 -1.52363567e-06 -6.34774944e-03  1.72462892e-04\n",
      "  -9.13955238e-07]\n",
      " [ 8.75685208e-02  1.65675613e-01  1.82647935e-01 -1.93166068e-02\n",
      "   4.28811277e-02 -6.77472067e-01  2.12934691e+00  6.41742999e+00\n",
      "  -1.32820559e-01  5.78557323e-04  3.61278743e+01 -8.91188377e-01\n",
      "   4.55409126e-03 -1.45719715e+01  2.80800153e-01 -1.15825224e-03\n",
      "  -6.49994168e+01  1.55745613e+00 -7.89444408e-03 -2.36072514e+01\n",
      "   4.92441867e-01 -2.15312157e-03 -1.27379126e+02  3.11046476e+00\n",
      "  -1.56333725e-02]\n",
      " [-1.23185988e-02 -1.68850966e-02 -2.40046615e-02  1.93238969e-04\n",
      "  -7.27168529e-04 -1.96381113e-02 -1.04396001e-01 -7.70187750e-01\n",
      "   1.20625249e-02 -4.28034975e-05 -8.91188377e-01  2.80436231e-02\n",
      "  -1.50258099e-04  1.50546125e+00 -2.32124996e-02  8.10938087e-05\n",
      "   1.76068262e+00 -4.98318761e-02  2.62673814e-04  3.00431397e+00\n",
      "  -4.68898393e-02  1.65821386e-04  3.59071081e+00 -9.94342044e-02\n",
      "   5.19748055e-04]\n",
      " [ 5.75923452e-05  7.94542152e-05  1.10630257e-04 -3.10423672e-07\n",
      "   2.67506223e-06  1.24749479e-04  4.82354880e-04  3.84669759e-03\n",
      "  -6.48182540e-05  2.48067522e-07  4.55409126e-03 -1.50258099e-04\n",
      "   8.81568699e-07 -7.53926511e-03  1.24149396e-04 -4.66310422e-07\n",
      "  -8.89840897e-03  2.66684711e-04 -1.54146076e-06 -1.47924075e-02\n",
      "   2.47796476e-04 -9.42884589e-07 -1.81164208e-02  5.32772452e-04\n",
      "  -3.07431375e-06]\n",
      " [-3.99910988e+00 -5.50249260e+00 -7.48567486e+00 -1.25995656e-02\n",
      "  -1.13158384e-01 -8.92778565e+00 -2.86330071e+01 -2.26726419e+02\n",
      "   3.30527797e+00 -1.09284912e-02 -1.45719715e+01  1.50546125e+00\n",
      "  -7.53926511e-03  4.54769760e+02 -6.54265519e+00  2.12738543e-02\n",
      "   8.26163568e+01 -2.86851373e+00  1.30400631e-02  8.57957421e+02\n",
      "  -1.24914720e+01  4.11777328e-02  2.21578553e+02 -5.67440241e+00\n",
      "   2.53087322e-02]\n",
      " [ 5.50164289e-02  7.54828774e-02  1.03628505e-01  2.05358206e-04\n",
      "   1.67871212e-03  1.25390085e-01  3.99735763e-01  3.27074705e+00\n",
      "  -5.09429906e-02  1.82102219e-04  2.80800153e-01 -2.32124996e-02\n",
      "   1.24149396e-04 -6.54265519e+00  1.00445717e-01 -3.53616017e-04\n",
      "  -1.27350433e+00  4.37290473e-02 -2.14879811e-04 -1.23142531e+01\n",
      "   1.89810192e-01 -6.69261555e-04 -3.36252393e+00  8.79365497e-02\n",
      "  -4.24716044e-04]\n",
      " [-1.68114284e-04 -2.29202182e-04 -3.19737284e-04 -6.49663804e-07\n",
      "  -5.32796788e-06 -4.00176746e-04 -1.23889948e-03 -1.06801880e-02\n",
      "   1.80108122e-04 -7.12661160e-07 -1.15825224e-03  8.10938087e-05\n",
      "  -4.66310422e-07  2.12738543e-02 -3.53616017e-04  1.38038871e-06\n",
      "   4.45580844e-03 -1.51975233e-04  8.13691495e-07  3.99490144e-02\n",
      "  -6.59400786e-04  2.54712599e-06  1.14576663e-02 -3.08055686e-04\n",
      "   1.61764273e-06]\n",
      " [-6.96817959e-01 -9.75533960e-01 -1.37567640e+00  3.97033719e-02\n",
      "  -8.97163728e-02  7.45347276e-03 -6.57209132e+00 -4.13784956e+01\n",
      "   6.42753600e-01 -2.27720658e-03 -6.49994168e+01  1.76068262e+00\n",
      "  -8.89840897e-03  8.26163568e+01 -1.27350433e+00  4.45580844e-03\n",
      "   1.46348331e+02 -3.62335819e+00  1.81440198e-02  1.58468884e+02\n",
      "  -2.45459151e+00  8.65932777e-03  2.17539045e+02 -5.30134513e+00\n",
      "   2.56086138e-02]\n",
      " [ 2.26652930e-02  3.15480804e-02  4.25478481e-02 -3.91180871e-04\n",
      "   1.19633660e-03  4.33699051e-02  1.72359745e-01  1.42564645e+00\n",
      "  -2.19823173e-02  7.71590919e-05  1.55745613e+00 -4.98318761e-02\n",
      "   2.66684711e-04 -2.86851373e+00  4.37290473e-02 -1.51975233e-04\n",
      "  -3.62335819e+00  1.02330569e-01 -5.40797374e-04 -5.32720297e+00\n",
      "   8.19061675e-02 -2.86241156e-04 -5.39798285e+00  1.51690879e-01\n",
      "  -7.84833753e-04]\n",
      " [-9.35766484e-05 -1.30919207e-04 -1.72261907e-04  7.00851304e-07\n",
      "  -3.52018683e-06 -2.57938068e-04 -6.81058284e-04 -6.46001055e-03\n",
      "   1.08338286e-04 -4.14900083e-07 -7.89444408e-03  2.62673814e-04\n",
      "  -1.54146076e-06  1.30400631e-02 -2.14879811e-04  8.13691495e-07\n",
      "   1.81440198e-02 -5.40797374e-04  3.12243381e-06  2.36156392e-02\n",
      "  -3.93402441e-04  1.49307556e-06  2.62650913e-02 -7.94031413e-04\n",
      "   4.59105098e-06]\n",
      " [-8.48877103e+00 -1.04100850e+01 -1.79906148e+01 -2.12236076e-02\n",
      "  -2.23282167e-01 -1.82765125e+01 -5.83887842e+01 -4.81765801e+02\n",
      "   6.99537502e+00 -2.30652196e-02 -2.36072514e+01  3.00431397e+00\n",
      "  -1.47924075e-02  8.57957421e+02 -1.23142531e+01  3.99490144e-02\n",
      "   1.58468884e+02 -5.32720297e+00  2.36156392e-02  2.07156998e+03\n",
      "  -2.99947381e+01  9.85144377e-02  4.90947818e+02 -1.27080781e+01\n",
      "   5.54612099e-02]\n",
      " [ 1.18436251e-01  1.46556930e-01  2.49089738e-01  3.64287227e-04\n",
      "   3.41262264e-03  2.59582645e-01  8.20632884e-01  7.02160935e+00\n",
      "  -1.08779602e-01  3.86951860e-04  4.92441868e-01 -4.68898393e-02\n",
      "   2.47796476e-04 -1.24914720e+01  1.89810192e-01 -6.59400786e-04\n",
      "  -2.45459151e+00  8.19061675e-02 -3.93402441e-04 -2.99947381e+01\n",
      "   4.62770586e-01 -1.63964789e-03 -7.53169602e+00  1.98941059e-01\n",
      "  -9.48003044e-04]\n",
      " [-3.70011958e-04 -4.62548696e-04 -7.70109262e-04 -1.22557133e-06\n",
      "  -1.15220267e-05 -8.43427069e-04 -2.56163754e-03 -2.32293102e-02\n",
      "   3.88305498e-04 -1.52363567e-06 -2.15312157e-03  1.65821386e-04\n",
      "  -9.42884589e-07  4.11777328e-02 -6.69261555e-04  2.54712599e-06\n",
      "   8.65932777e-03 -2.86241156e-04  1.49307556e-06  9.85144377e-02\n",
      "  -1.63964789e-03  6.40899663e-06  2.61855125e-02 -7.07988110e-04\n",
      "   3.68720841e-06]\n",
      " [-2.07562299e+00 -2.75262284e+00 -4.28572538e+00  6.89567254e-02\n",
      "  -2.00533652e-01 -1.54352275e+00 -1.86212166e+01 -1.18607399e+02\n",
      "   1.82403132e+00 -6.34774944e-03 -1.27379126e+02  3.59071081e+00\n",
      "  -1.81164208e-02  2.21578553e+02 -3.36252393e+00  1.14576663e-02\n",
      "   2.17539045e+02 -5.39798285e+00  2.62650913e-02  4.90947818e+02\n",
      "  -7.53169602e+00  2.61855125e-02  6.40531225e+02 -1.56138608e+01\n",
      "   7.70941112e-02]\n",
      " [ 4.97090933e-02  6.47790551e-02  1.01826201e-01 -6.89468288e-04\n",
      "   2.82975056e-03  8.37109309e-02  3.97065467e-01  3.07198885e+00\n",
      "  -4.83402944e-02  1.72462892e-04  3.11046476e+00 -9.94342044e-02\n",
      "   5.32772452e-04 -5.67440241e+00  8.79365497e-02 -3.08055686e-04\n",
      "  -5.30134513e+00  1.51690879e-01 -7.94031413e-04 -1.27080781e+01\n",
      "   1.98941059e-01 -7.07988110e-04 -1.56138608e+01  4.26954118e-01\n",
      "  -2.24324079e-03]\n",
      " [-2.02427918e-04 -2.67160081e-04 -4.05834950e-04  9.65010448e-07\n",
      "  -9.24290691e-06 -4.41811524e-04 -1.57992926e-03 -1.36465792e-02\n",
      "   2.34629491e-04 -9.13955238e-07 -1.56333725e-02  5.19748055e-04\n",
      "  -3.07431375e-06  2.53087322e-02 -4.24716044e-04  1.61764273e-06\n",
      "   2.56086138e-02 -7.84833753e-04  4.59105098e-06  5.54612099e-02\n",
      "  -9.48003044e-04  3.68720841e-06  7.70941112e-02 -2.24324079e-03\n",
      "   1.30112673e-05]]\n",
      "\n",
      "Sigmas:\n",
      "[1.99083293e-01 2.67844839e-01 4.08780904e-01 1.02381473e-02\n",
      " 1.76191299e-02 1.59847235e+00 1.87304983e+00 1.09826867e+01\n",
      " 1.66164955e-01 6.30794032e-04 6.01064675e+00 1.67462304e-01\n",
      " 9.38918899e-04 2.13253314e+01 3.16931723e-01 1.17489945e-03\n",
      " 1.20974514e+01 3.19891495e-01 1.76704098e-03 4.55145030e+01\n",
      " 6.80272435e-01 2.53159962e-03 2.53087184e+01 6.53417262e-01\n",
      " 3.60711343e-03]\n"
     ]
    },
    {
     "data": {
      "text/plain": [
       "({'b1': 1.8311963907447024,\n",
       "  'b2': 2.9274339441247057,\n",
       "  'b3': 4.087921834011873,\n",
       "  'alpha_par': 0.9492616198876513,\n",
       "  'alpha_perp': 1.1181267510115696,\n",
       "  'sigma_par': 4.154520081036495,\n",
       "  'sigma_perp': 22.801982302909973,\n",
       "  'broadband_coeffs1': array([-1.24618039e+01,  1.82170754e-01, -7.21945471e-04,  9.20272165e+00,\n",
       "          4.98178161e-01, -3.26663203e-03]),\n",
       "  'broadband_coeffs2': array([ 2.15363657e+00, -1.11905860e-01,  9.94731605e-04, -4.58881650e+01,\n",
       "         -7.05448950e-01,  5.36654608e-03]),\n",
       "  'broadband_coeffs3': array([ 4.79935704e+01, -7.05300896e-01,  2.82622328e-03, -1.82096262e+02,\n",
       "         -1.05468973e+00,  1.00077270e-02])},\n",
       " array([[ 3.96341575e-02,  5.15041383e-02,  7.81835444e-02,\n",
       "          1.43407903e-04,  1.36137960e-03,  8.43990619e-02,\n",
       "          2.74371944e-01,  2.11211192e+00, -2.93202242e-02,\n",
       "          9.10264001e-05,  8.75685208e-02, -1.23185988e-02,\n",
       "          5.75923452e-05, -3.99910988e+00,  5.50164289e-02,\n",
       "         -1.68114284e-04, -6.96817959e-01,  2.26652930e-02,\n",
       "         -9.35766484e-05, -8.48877103e+00,  1.18436251e-01,\n",
       "         -3.70011958e-04, -2.07562299e+00,  4.97090933e-02,\n",
       "         -2.02427918e-04],\n",
       "        [ 5.15041383e-02,  7.17408576e-02,  9.61884994e-02,\n",
       "          2.18435459e-04,  2.01583449e-03,  1.07833708e-01,\n",
       "          3.85632835e-01,  2.72733661e+00, -3.80082740e-02,\n",
       "          1.18371635e-04,  1.65675613e-01, -1.68850966e-02,\n",
       "          7.94542152e-05, -5.50249260e+00,  7.54828774e-02,\n",
       "         -2.29202182e-04, -9.75533961e-01,  3.15480804e-02,\n",
       "         -1.30919207e-04, -1.04100850e+01,  1.46556930e-01,\n",
       "         -4.62548696e-04, -2.75262284e+00,  6.47790551e-02,\n",
       "         -2.67160081e-04],\n",
       "        [ 7.81835444e-02,  9.61884994e-02,  1.67101828e-01,\n",
       "          2.33456017e-04,  2.80939786e-03,  1.58763313e-01,\n",
       "          5.65865875e-01,  4.16447835e+00, -5.78577022e-02,\n",
       "          1.79983726e-04,  1.82647935e-01, -2.40046615e-02,\n",
       "          1.10630257e-04, -7.48567486e+00,  1.03628505e-01,\n",
       "         -3.19737284e-04, -1.37567640e+00,  4.25478481e-02,\n",
       "         -1.72261907e-04, -1.79906148e+01,  2.49089738e-01,\n",
       "         -7.70109262e-04, -4.28572538e+00,  1.01826201e-01,\n",
       "         -4.05834950e-04],\n",
       "        [ 1.43407903e-04,  2.18435459e-04,  2.33456017e-04,\n",
       "          1.04819659e-04, -4.92303032e-05,  3.79526518e-03,\n",
       "          1.31465276e-04,  5.56770904e-03, -1.00066939e-04,\n",
       "          3.45134569e-07, -1.93166068e-02,  1.93238969e-04,\n",
       "         -3.10423672e-07, -1.25995656e-02,  2.05358206e-04,\n",
       "         -6.49663804e-07,  3.97033719e-02, -3.91180871e-04,\n",
       "          7.00851304e-07, -2.12236076e-02,  3.64287227e-04,\n",
       "         -1.22557133e-06,  6.89567254e-02, -6.89468288e-04,\n",
       "          9.65010448e-07],\n",
       "        [ 1.36137960e-03,  2.01583449e-03,  2.80939786e-03,\n",
       "         -4.92303032e-05,  3.10433740e-04, -1.03356467e-03,\n",
       "          1.71877067e-02,  5.47018856e-02, -8.29168107e-04,\n",
       "          2.77877705e-06,  4.28811277e-02, -7.27168529e-04,\n",
       "          2.67506223e-06, -1.13158384e-01,  1.67871212e-03,\n",
       "         -5.32796788e-06, -8.97163728e-02,  1.19633660e-03,\n",
       "         -3.52018683e-06, -2.23282167e-01,  3.41262264e-03,\n",
       "         -1.15220267e-05, -2.00533652e-01,  2.82975056e-03,\n",
       "         -9.24290691e-06],\n",
       "        [ 8.43990619e-02,  1.07833708e-01,  1.58763313e-01,\n",
       "          3.79526518e-03, -1.03356467e-03,  2.55511385e+00,\n",
       "         -5.74781389e-02,  4.80212178e+00, -6.85842391e-02,\n",
       "          2.24468011e-04, -6.77472067e-01, -1.96381113e-02,\n",
       "          1.24749479e-04, -8.92778565e+00,  1.25390085e-01,\n",
       "         -4.00176746e-04,  7.45347272e-03,  4.33699051e-02,\n",
       "         -2.57938068e-04, -1.82765125e+01,  2.59582645e-01,\n",
       "         -8.43427069e-04, -1.54352275e+00,  8.37109309e-02,\n",
       "         -4.41811524e-04],\n",
       "        [ 2.74371944e-01,  3.85632835e-01,  5.65865875e-01,\n",
       "          1.31465276e-04,  1.71877067e-02, -5.74781389e-02,\n",
       "          3.50831565e+00,  1.39586230e+01, -1.96268624e-01,\n",
       "          6.14613014e-04,  2.12934691e+00, -1.04396001e-01,\n",
       "          4.82354880e-04, -2.86330071e+01,  3.99735763e-01,\n",
       "         -1.23889948e-03, -6.57209132e+00,  1.72359745e-01,\n",
       "         -6.81058284e-04, -5.83887842e+01,  8.20632884e-01,\n",
       "         -2.56163754e-03, -1.86212166e+01,  3.97065467e-01,\n",
       "         -1.57992926e-03],\n",
       "        [ 2.11211192e+00,  2.72733661e+00,  4.16447835e+00,\n",
       "          5.56770904e-03,  5.47018856e-02,  4.80212178e+00,\n",
       "          1.39586230e+01,  1.20619407e+02, -1.76144937e+00,\n",
       "          5.84641486e-03,  6.41742999e+00, -7.70187750e-01,\n",
       "          3.84669759e-03, -2.26726419e+02,  3.27074705e+00,\n",
       "         -1.06801880e-02, -4.13784956e+01,  1.42564645e+00,\n",
       "         -6.46001055e-03, -4.81765801e+02,  7.02160935e+00,\n",
       "         -2.32293102e-02, -1.18607399e+02,  3.07198885e+00,\n",
       "         -1.36465792e-02],\n",
       "        [-2.93202242e-02, -3.80082739e-02, -5.78577022e-02,\n",
       "         -1.00066939e-04, -8.29168107e-04, -6.85842391e-02,\n",
       "         -1.96268624e-01, -1.76144937e+00,  2.76107924e-02,\n",
       "         -9.95137298e-05, -1.32820559e-01,  1.20625249e-02,\n",
       "         -6.48182540e-05,  3.30527797e+00, -5.09429906e-02,\n",
       "          1.80108122e-04,  6.42753600e-01, -2.19823173e-02,\n",
       "          1.08338286e-04,  6.99537502e+00, -1.08779602e-01,\n",
       "          3.88305498e-04,  1.82403132e+00, -4.83402944e-02,\n",
       "          2.34629491e-04],\n",
       "        [ 9.10264001e-05,  1.18371635e-04,  1.79983726e-04,\n",
       "          3.45134569e-07,  2.77877705e-06,  2.24468011e-04,\n",
       "          6.14613014e-04,  5.84641486e-03, -9.95137298e-05,\n",
       "          3.97901111e-07,  5.78557323e-04, -4.28034975e-05,\n",
       "          2.48067522e-07, -1.09284912e-02,  1.82102219e-04,\n",
       "         -7.12661160e-07, -2.27720658e-03,  7.71590919e-05,\n",
       "         -4.14900083e-07, -2.30652196e-02,  3.86951860e-04,\n",
       "         -1.52363567e-06, -6.34774944e-03,  1.72462892e-04,\n",
       "         -9.13955238e-07],\n",
       "        [ 8.75685208e-02,  1.65675613e-01,  1.82647935e-01,\n",
       "         -1.93166068e-02,  4.28811277e-02, -6.77472067e-01,\n",
       "          2.12934691e+00,  6.41742999e+00, -1.32820559e-01,\n",
       "          5.78557323e-04,  3.61278743e+01, -8.91188377e-01,\n",
       "          4.55409126e-03, -1.45719715e+01,  2.80800153e-01,\n",
       "         -1.15825224e-03, -6.49994168e+01,  1.55745613e+00,\n",
       "         -7.89444408e-03, -2.36072514e+01,  4.92441867e-01,\n",
       "         -2.15312157e-03, -1.27379126e+02,  3.11046476e+00,\n",
       "         -1.56333725e-02],\n",
       "        [-1.23185988e-02, -1.68850966e-02, -2.40046615e-02,\n",
       "          1.93238969e-04, -7.27168529e-04, -1.96381113e-02,\n",
       "         -1.04396001e-01, -7.70187750e-01,  1.20625249e-02,\n",
       "         -4.28034975e-05, -8.91188377e-01,  2.80436231e-02,\n",
       "         -1.50258099e-04,  1.50546125e+00, -2.32124996e-02,\n",
       "          8.10938087e-05,  1.76068262e+00, -4.98318761e-02,\n",
       "          2.62673814e-04,  3.00431397e+00, -4.68898393e-02,\n",
       "          1.65821386e-04,  3.59071081e+00, -9.94342044e-02,\n",
       "          5.19748055e-04],\n",
       "        [ 5.75923452e-05,  7.94542152e-05,  1.10630257e-04,\n",
       "         -3.10423672e-07,  2.67506223e-06,  1.24749479e-04,\n",
       "          4.82354880e-04,  3.84669759e-03, -6.48182540e-05,\n",
       "          2.48067522e-07,  4.55409126e-03, -1.50258099e-04,\n",
       "          8.81568699e-07, -7.53926511e-03,  1.24149396e-04,\n",
       "         -4.66310422e-07, -8.89840897e-03,  2.66684711e-04,\n",
       "         -1.54146076e-06, -1.47924075e-02,  2.47796476e-04,\n",
       "         -9.42884589e-07, -1.81164208e-02,  5.32772452e-04,\n",
       "         -3.07431375e-06],\n",
       "        [-3.99910988e+00, -5.50249260e+00, -7.48567486e+00,\n",
       "         -1.25995656e-02, -1.13158384e-01, -8.92778565e+00,\n",
       "         -2.86330071e+01, -2.26726419e+02,  3.30527797e+00,\n",
       "         -1.09284912e-02, -1.45719715e+01,  1.50546125e+00,\n",
       "         -7.53926511e-03,  4.54769760e+02, -6.54265519e+00,\n",
       "          2.12738543e-02,  8.26163568e+01, -2.86851373e+00,\n",
       "          1.30400631e-02,  8.57957421e+02, -1.24914720e+01,\n",
       "          4.11777328e-02,  2.21578553e+02, -5.67440241e+00,\n",
       "          2.53087322e-02],\n",
       "        [ 5.50164289e-02,  7.54828774e-02,  1.03628505e-01,\n",
       "          2.05358206e-04,  1.67871212e-03,  1.25390085e-01,\n",
       "          3.99735763e-01,  3.27074705e+00, -5.09429906e-02,\n",
       "          1.82102219e-04,  2.80800153e-01, -2.32124996e-02,\n",
       "          1.24149396e-04, -6.54265519e+00,  1.00445717e-01,\n",
       "         -3.53616017e-04, -1.27350433e+00,  4.37290473e-02,\n",
       "         -2.14879811e-04, -1.23142531e+01,  1.89810192e-01,\n",
       "         -6.69261555e-04, -3.36252393e+00,  8.79365497e-02,\n",
       "         -4.24716044e-04],\n",
       "        [-1.68114284e-04, -2.29202182e-04, -3.19737284e-04,\n",
       "         -6.49663804e-07, -5.32796788e-06, -4.00176746e-04,\n",
       "         -1.23889948e-03, -1.06801880e-02,  1.80108122e-04,\n",
       "         -7.12661160e-07, -1.15825224e-03,  8.10938087e-05,\n",
       "         -4.66310422e-07,  2.12738543e-02, -3.53616017e-04,\n",
       "          1.38038871e-06,  4.45580844e-03, -1.51975233e-04,\n",
       "          8.13691495e-07,  3.99490144e-02, -6.59400786e-04,\n",
       "          2.54712599e-06,  1.14576663e-02, -3.08055686e-04,\n",
       "          1.61764273e-06],\n",
       "        [-6.96817959e-01, -9.75533960e-01, -1.37567640e+00,\n",
       "          3.97033719e-02, -8.97163728e-02,  7.45347276e-03,\n",
       "         -6.57209132e+00, -4.13784956e+01,  6.42753600e-01,\n",
       "         -2.27720658e-03, -6.49994168e+01,  1.76068262e+00,\n",
       "         -8.89840897e-03,  8.26163568e+01, -1.27350433e+00,\n",
       "          4.45580844e-03,  1.46348331e+02, -3.62335819e+00,\n",
       "          1.81440198e-02,  1.58468884e+02, -2.45459151e+00,\n",
       "          8.65932777e-03,  2.17539045e+02, -5.30134513e+00,\n",
       "          2.56086138e-02],\n",
       "        [ 2.26652930e-02,  3.15480804e-02,  4.25478481e-02,\n",
       "         -3.91180871e-04,  1.19633660e-03,  4.33699051e-02,\n",
       "          1.72359745e-01,  1.42564645e+00, -2.19823173e-02,\n",
       "          7.71590919e-05,  1.55745613e+00, -4.98318761e-02,\n",
       "          2.66684711e-04, -2.86851373e+00,  4.37290473e-02,\n",
       "         -1.51975233e-04, -3.62335819e+00,  1.02330569e-01,\n",
       "         -5.40797374e-04, -5.32720297e+00,  8.19061675e-02,\n",
       "         -2.86241156e-04, -5.39798285e+00,  1.51690879e-01,\n",
       "         -7.84833753e-04],\n",
       "        [-9.35766484e-05, -1.30919207e-04, -1.72261907e-04,\n",
       "          7.00851304e-07, -3.52018683e-06, -2.57938068e-04,\n",
       "         -6.81058284e-04, -6.46001055e-03,  1.08338286e-04,\n",
       "         -4.14900083e-07, -7.89444408e-03,  2.62673814e-04,\n",
       "         -1.54146076e-06,  1.30400631e-02, -2.14879811e-04,\n",
       "          8.13691495e-07,  1.81440198e-02, -5.40797374e-04,\n",
       "          3.12243381e-06,  2.36156392e-02, -3.93402441e-04,\n",
       "          1.49307556e-06,  2.62650913e-02, -7.94031413e-04,\n",
       "          4.59105098e-06],\n",
       "        [-8.48877103e+00, -1.04100850e+01, -1.79906148e+01,\n",
       "         -2.12236076e-02, -2.23282167e-01, -1.82765125e+01,\n",
       "         -5.83887842e+01, -4.81765801e+02,  6.99537502e+00,\n",
       "         -2.30652196e-02, -2.36072514e+01,  3.00431397e+00,\n",
       "         -1.47924075e-02,  8.57957421e+02, -1.23142531e+01,\n",
       "          3.99490144e-02,  1.58468884e+02, -5.32720297e+00,\n",
       "          2.36156392e-02,  2.07156998e+03, -2.99947381e+01,\n",
       "          9.85144377e-02,  4.90947818e+02, -1.27080781e+01,\n",
       "          5.54612099e-02],\n",
       "        [ 1.18436251e-01,  1.46556930e-01,  2.49089738e-01,\n",
       "          3.64287227e-04,  3.41262264e-03,  2.59582645e-01,\n",
       "          8.20632884e-01,  7.02160935e+00, -1.08779602e-01,\n",
       "          3.86951860e-04,  4.92441868e-01, -4.68898393e-02,\n",
       "          2.47796476e-04, -1.24914720e+01,  1.89810192e-01,\n",
       "         -6.59400786e-04, -2.45459151e+00,  8.19061675e-02,\n",
       "         -3.93402441e-04, -2.99947381e+01,  4.62770586e-01,\n",
       "         -1.63964789e-03, -7.53169602e+00,  1.98941059e-01,\n",
       "         -9.48003044e-04],\n",
       "        [-3.70011958e-04, -4.62548696e-04, -7.70109262e-04,\n",
       "         -1.22557133e-06, -1.15220267e-05, -8.43427069e-04,\n",
       "         -2.56163754e-03, -2.32293102e-02,  3.88305498e-04,\n",
       "         -1.52363567e-06, -2.15312157e-03,  1.65821386e-04,\n",
       "         -9.42884589e-07,  4.11777328e-02, -6.69261555e-04,\n",
       "          2.54712599e-06,  8.65932777e-03, -2.86241156e-04,\n",
       "          1.49307556e-06,  9.85144377e-02, -1.63964789e-03,\n",
       "          6.40899663e-06,  2.61855125e-02, -7.07988110e-04,\n",
       "          3.68720841e-06],\n",
       "        [-2.07562299e+00, -2.75262284e+00, -4.28572538e+00,\n",
       "          6.89567254e-02, -2.00533652e-01, -1.54352275e+00,\n",
       "         -1.86212166e+01, -1.18607399e+02,  1.82403132e+00,\n",
       "         -6.34774944e-03, -1.27379126e+02,  3.59071081e+00,\n",
       "         -1.81164208e-02,  2.21578553e+02, -3.36252393e+00,\n",
       "          1.14576663e-02,  2.17539045e+02, -5.39798285e+00,\n",
       "          2.62650913e-02,  4.90947818e+02, -7.53169602e+00,\n",
       "          2.61855125e-02,  6.40531225e+02, -1.56138608e+01,\n",
       "          7.70941112e-02],\n",
       "        [ 4.97090933e-02,  6.47790551e-02,  1.01826201e-01,\n",
       "         -6.89468288e-04,  2.82975056e-03,  8.37109309e-02,\n",
       "          3.97065467e-01,  3.07198885e+00, -4.83402944e-02,\n",
       "          1.72462892e-04,  3.11046476e+00, -9.94342044e-02,\n",
       "          5.32772452e-04, -5.67440241e+00,  8.79365497e-02,\n",
       "         -3.08055686e-04, -5.30134513e+00,  1.51690879e-01,\n",
       "         -7.94031413e-04, -1.27080781e+01,  1.98941059e-01,\n",
       "         -7.07988110e-04, -1.56138608e+01,  4.26954118e-01,\n",
       "         -2.24324079e-03],\n",
       "        [-2.02427918e-04, -2.67160081e-04, -4.05834950e-04,\n",
       "          9.65010448e-07, -9.24290691e-06, -4.41811524e-04,\n",
       "         -1.57992926e-03, -1.36465792e-02,  2.34629491e-04,\n",
       "         -9.13955238e-07, -1.56333725e-02,  5.19748055e-04,\n",
       "         -3.07431375e-06,  2.53087322e-02, -4.24716044e-04,\n",
       "          1.61764273e-06,  2.56086138e-02, -7.84833753e-04,\n",
       "          4.59105098e-06,  5.54612099e-02, -9.48003044e-04,\n",
       "          3.68720841e-06,  7.70941112e-02, -2.24324079e-03,\n",
       "          1.30112673e-05]]))"
      ]
     },
     "execution_count": 11,
     "metadata": {},
     "output_type": "execute_result"
    }
   ],
   "source": [
    "# initialize parameters\n",
    "broadband_coeffs = np.tile([0., 0., 0.], nells)\n",
    "params_init = {'b1': 2., 'b2': 2., 'b3': 2., 'alpha_par': 1., 'alpha_perp': 1., 'sigma_par': 5., 'sigma_perp': 5., 'broadband_coeffs1': broadband_coeffs, 'broadband_coeffs2': broadband_coeffs, 'broadband_coeffs3': broadband_coeffs}\n",
    "\n",
    "pk_model.fit_splits(fit_params_init=params_init, s_lower_limit=s_lower_limit)"
   ]
  },
  {
   "cell_type": "code",
   "execution_count": 12,
   "id": "1902324c-e5b8-4778-a583-3e2c65b74f9b",
   "metadata": {},
   "outputs": [
    {
     "name": "stdout",
     "output_type": "stream",
     "text": [
      "[000050.80]  05-20 11:35  matplotlib.mathtext          INFO     Substituting symbol \\perp from STIXGeneral\n",
      "[000050.80]  05-20 11:35  matplotlib.mathtext          INFO     Substituting symbol \\perp from STIXGeneral\n",
      "[000050.81]  05-20 11:35  matplotlib.mathtext          INFO     Substituting symbol \\perp from STIXGeneral\n",
      "[000050.81]  05-20 11:35  matplotlib.mathtext          INFO     Substituting symbol \\perp from STIXGeneral\n",
      "[000050.96]  05-20 11:35  matplotlib.mathtext          INFO     Substituting symbol \\perp from STIXGeneral\n",
      "[000050.96]  05-20 11:35  matplotlib.mathtext          INFO     Substituting symbol \\perp from STIXGeneral\n",
      "[000050.97]  05-20 11:35  matplotlib.mathtext          INFO     Substituting symbol \\perp from STIXGeneral\n",
      "[000050.97]  05-20 11:35  matplotlib.mathtext          INFO     Substituting symbol \\perp from STIXGeneral\n"
     ]
    },
    {
     "data": {
